1.00 0.00 4.00 0.00 
1.00 0.08 4.00 0.36 
1.08 0.23 4.36 0.62 
1.31 0.45 4.98 0.79 
1.76 0.74 5.77 0.87 
2.50 1.10 6.64 0.86 
3.60 1.33 7.50 0.76 
4.93 1.43 8.26 0.65 
6.35 1.40 8.91 0.55 
7.75 1.24 9.46 0.45 
9.00 0.96 9.91 0.35 
9.96 0.54 10.25 0.25 
10.50 0.00 10.50 0.15 
10.50 -0.23 10.65 0.05 
10.27 -0.44 10.70 -0.05 
9.82 -0.63 10.65 -0.15 
9.19 -0.79 10.50 -0.25 
8.40 -0.94 10.25 -0.33 
7.46 -1.05 9.92 -0.40 
6.41 -1.15 9.52 -0.46 
5.26 -1.22 9.07 -0.50 
4.05 -1.26 8.57 -0.53 
2.79 -1.29 8.04 -0.54 
1.50 -1.29 7.50 -0.54 
0.21 -1.29 6.96 -0.54 
-1.07 -1.29 6.42 -0.54 
