-0.37 0.10 -0.37 0.10 
-0.37 0.10 0.17 -0.30 
0.37 -0.30 0.17 -0.30 
0.37 -0.30 -0.37 0.30 
-0.37 0.10 -0.37 0.30 
-0.37 0.10 -0.03 -0.20 
0.37 -0.30 0.37 -0.30 
0.37 -0.30 0.03 0.20 
0.37 -0.30 -0.17 0.30 
0.37 -0.30 0.37 -0.10 
-0.37 0.10 -0.17 0.30 
0.37 -0.30 -0.37 0.10 
0.37 -0.30 -0.03 -0.20 
-0.37 0.10 0.37 -0.30 
-0.37 0.10 0.03 0.20 
-0.37 0.10 -0.23 -0.03 
0.37 -0.30 0.23 0.03 
0.37 -0.10 0.17 -0.30 
0.37 -0.10 -0.37 0.30 
0.23 0.03 -0.37 0.30 
0.37 -0.10 0.37 -0.30 
0.37 -0.10 0.03 0.20 
0.23 0.03 -0.17 0.30 
0.23 0.03 0.37 -0.30 
0.23 0.03 0.37 -0.10 
0.37 -0.10 -0.37 0.10 
0.37 -0.10 -0.03 -0.20 
0.23 0.03 0.17 -0.30 
0.23 0.03 0.23 0.03 
0.17 -0.30 -0.37 0.10 
0.17 -0.30 0.17 -0.30 
-0.17 0.30 0.17 -0.30 
-0.17 0.30 -0.37 0.30 
-0.37 0.30 -0.37 0.30 
0.17 -0.30 -0.37 0.30 
0.17 -0.30 -0.03 -0.20 
-0.17 0.30 0.37 -0.30 
-0.17 0.30 0.03 0.20 
-0.37 0.30 -0.17 0.30 
-0.37 0.30 0.37 -0.30 
-0.37 0.30 0.37 -0.10 
-0.17 0.30 -0.37 0.10 
-0.17 0.30 -0.03 -0.20 
-0.37 0.30 0.17 -0.30 
0.17 -0.30 0.37 -0.30 
0.17 -0.30 0.03 0.20 
0.17 -0.30 -0.17 0.30 
0.17 -0.30 -0.23 -0.03 
-0.37 0.30 0.23 0.03 
-0.37 0.30 0.03 0.20 
-0.37 0.30 -0.37 0.10 
-0.37 0.30 -0.03 -0.20 
0.37 -0.30 -0.23 -0.03 
-0.37 0.10 0.37 -0.10 
-0.37 0.10 0.23 0.03 
0.23 0.03 -0.37 0.10 
0.37 -0.10 -0.17 0.30 
0.23 0.03 -0.23 -0.03 
0.17 -0.30 0.37 -0.10 
-0.17 0.30 -0.17 0.30 
-0.37 0.30 -0.23 -0.03 
0.17 -0.30 0.23 0.03 
