0.00 0.00 0.00 0.00 
-0.17 0.05 -0.07 -0.01 
0.02 0.06 0.12 0.17 
0.20 -0.22 0.19 -0.17 
-0.02 0.10 -0.07 -0.19 
0.14 0.03 -0.34 0.17 
0.31 -0.18 -0.00 0.26 
0.18 0.02 0.10 -0.18 
0.06 0.06 -0.17 0.10 
0.29 0.05 -0.25 0.10 
0.20 -0.06 -0.22 0.18 
0.01 -0.22 0.11 0.14 
-0.19 0.10 0.44 -0.17 
0.07 -0.09 0.08 -0.20 
0.11 -0.08 -0.29 -0.07 
0.07 0.11 -0.33 0.32 
0.07 -0.27 -0.14 0.24 
-0.06 0.28 0.15 -0.03 
0.35 -0.17 0.27 -0.08 
0.17 -0.06 0.23 -0.12 
0.27 -0.25 0.01 -0.02 
-0.11 -0.20 0.03 0.13 
-0.41 0.35 0.25 -0.08 
-0.01 0.13 0.33 0.02 
-0.06 0.09 0.38 -0.08 
-0.06 -0.14 0.34 -0.03 
